   2455834.6790894    1.00004394   0.00051379   0.99980910   0.00051384  
   2455834.6803974    1.00010703   0.00051382   0.99991421   0.00051387  
   2455834.6817051    1.00003649   0.00051381   0.99988333   0.00051386  
   2455834.6830131    1.00013312   0.00051384   1.00001494   0.00051389  
   2455834.6843209    1.00009992   0.00051384   1.00000978   0.00051389  
   2455834.6856289    1.00034544   0.00051391   1.00027407   0.00051396  
   2455834.6869366    0.99986294   0.00051379   0.99979886   0.00051384  
   2455834.6882446    1.00021631   0.00051388   1.00014563   0.00051392  
   2455834.6895524    1.00023343   0.00051388   1.00014005   0.00051392  
   2455834.6947839    1.00066510   0.00051391   1.00027378   0.00051396  
   2455834.7260339    0.99973242   0.00051391   1.00028117   0.00051396  
   2455834.7273418    1.00012903   0.00051396   1.00047178   0.00051401  
   2455834.7286496    0.99995043   0.00051387   1.00011955   0.00051392  
   2455834.7299576    1.00016197   0.00051389   1.00018781   0.00051394  
   2455834.7312653    1.00008561   0.00051384   0.99999618   0.00051389  
   2455834.7325733    1.00028428   0.00051387   1.00010525   0.00051391  
   2455834.7338811    0.99953834   0.00051366   0.99929336   0.00051371  
   2455834.7351890    0.99992597   0.00051375   0.99963593   0.00051379  
   2455834.7364968    0.99963561   0.00051367   0.99931955   0.00051371  
   2455834.7378048    0.99951476   0.00051363   0.99918920   0.00051368  
   2455834.7391126    0.99992664   0.00051374   0.99960566   0.00051379  
   2455834.7404205    0.99982387   0.00051372   0.99951963   0.00051376  
   2455834.7417283    0.99990583   0.00051374   0.99962797   0.00051379  
   2455834.7430363    1.00027688   0.00051385   1.00003274   0.00051390  
   2455834.7443440    1.00003705   0.00051380   0.99983188   0.00051384  
   2455834.7456520    0.99990522   0.00051377   0.99974182   0.00051382  
   2455834.7469598    1.00012589   0.00051384   1.00000474   0.00051389  
   2455834.7482677    1.00007280   0.00051384   0.99999218   0.00051389  
   2455834.7495755    1.00014452   0.00051387   1.00010039   0.00051391  
   2455834.7508835    1.00021590   0.00051389   1.00020191   0.00051394  
   2455834.7521913    1.00009723   0.00051387   1.00010477   0.00051391  
   2455834.7534992    0.99995162   0.00051383   0.99996975   0.00051388  
   2455834.7548070    0.99968862   0.00051376   0.99970414   0.00051381  
   2455834.7561150    0.99961583   0.00051374   0.99961326   0.00051379  
   2455834.7587307    0.99975730   0.00051375   0.99966289   0.00051380  
   2455834.7600385    0.99960734   0.00051370   0.99943465   0.00051374  
   2455834.7613464    1.00009860   0.00051379   0.99982282   0.00051384  
   2455834.7925733    0.99951586   0.00051390   1.00021323   0.00051394  
   2455834.7938811    0.99849474   0.00051358   0.99897572   0.00051362  
   2455834.7951890    0.99757413   0.00051329   0.99787232   0.00051334  
   2455834.7964968    0.99528751   0.00051267   0.99543394   0.00051271  
   2455834.7978048    0.99418669   0.00051235   0.99421054   0.00051240  
   2455834.7991126    0.99243101   0.00051187   0.99235882   0.00051192  
   2455834.8004205    0.99083809   0.00051144   0.99069403   0.00051149  
   2455834.8017283    0.98903042   0.00051096   0.98883635   0.00051101  
   2455834.8030363    0.98703212   0.00051044   0.98680752   0.00051049  
   2455834.8043440    0.98539832   0.00051001   0.98516021   0.00051006  
   2455834.8056520    0.98445058   0.00050977   0.98421353   0.00050981  
   2455834.8069598    0.98385516   0.00050962   0.98363151   0.00050966  
   2455834.8082677    0.98270843   0.00050933   0.98250848   0.00050937  
   2455834.8095755    0.98271042   0.00050934   0.98254182   0.00050938  
   2455834.8108835    0.98243304   0.00050927   0.98230152   0.00050932  
   2455834.8121913    0.98282080   0.00050938   0.98272968   0.00050943  
   2455834.8134992    0.98230178   0.00050926   0.98225233   0.00050931  
   2455834.8148070    0.98224145   0.00050926   0.98223254   0.00050930  
   2455834.8161150    0.98225195   0.00050927   0.98228025   0.00050931  
   2455834.8174227    0.98171209   0.00050914   0.98177200   0.00050918  
   2455834.8187307    0.98191998   0.00050920   0.98200370   0.00050924  
   2455834.8200385    0.98153761   0.00050910   0.98163502   0.00050915  
   2455834.8213464    0.98158895   0.00050911   0.98168778   0.00050916  
   2455834.8226542    0.98150339   0.00050909   0.98158907   0.00050913  
   2455834.8239622    0.98118192   0.00050900   0.98123762   0.00050904  
   2455834.8252700    0.98103254   0.00050895   0.98103924   0.00050899  
   2455834.8265779    0.98096618   0.00050891   0.98090259   0.00050896  
   2455834.8278857    0.98121513   0.00050895   0.98105768   0.00050900  
   2455834.8591011    0.98086302   0.00050912   0.98169840   0.00050916  
   2455834.8604089    0.98097398   0.00050909   0.98158740   0.00050913  
   2455834.8617168    0.98089911   0.00050902   0.98132371   0.00050907  
   2455834.8630246    0.98066242   0.00050892   0.98092926   0.00050896  
   2455834.8643326    0.98098515   0.00050897   0.98112314   0.00050901  
   2455834.8656403    0.98092092   0.00050892   0.98095654   0.00050897  
   2455834.8669483    0.98082920   0.00050888   0.98078676   0.00050893  
   2455834.8682561    0.98089124   0.00050888   0.98079281   0.00050893  
   2455834.8695640    0.98113649   0.00050894   0.98100184   0.00050898  
   2455834.8708718    0.98088264   0.00050887   0.98072941   0.00050891  
   2455834.8721798    0.98108321   0.00050892   0.98092665   0.00050896  
   2455834.8734876    0.98089708   0.00050887   0.98075032   0.00050892  
   2455834.8747955    0.98105653   0.00050892   0.98093036   0.00050896  
   2455834.8761033    0.98121029   0.00050896   0.98111329   0.00050901  
   2455834.8774113    0.98125938   0.00050899   0.98119791   0.00050903  
   2455834.8787190    0.98100809   0.00050893   0.98098624   0.00050898  
   2455834.8800270    0.98174697   0.00050913   0.98176659   0.00050918  
   2455834.8813348    0.98134625   0.00050904   0.98140692   0.00050909  
   2455834.8826427    0.98160736   0.00050912   0.98170646   0.00050917  
   2455834.8839505    0.98153324   0.00050911   0.98166583   0.00050915  
   2455834.8852585    0.98214006   0.00050927   0.98229911   0.00050932  
   2455834.8865663    0.98178613   0.00050919   0.98196209   0.00050923  
   2455834.8878742    0.98169544   0.00050916   0.98187669   0.00050921  
   2455834.8891820    0.98192050   0.00050922   0.98209320   0.00050927  
   2455834.8904900    0.98212119   0.00050926   0.98226918   0.00050931  
   2455834.8917977    0.98188915   0.00050919   0.98199397   0.00050924  
   2455834.8931057    0.98264738   0.00050937   0.98268844   0.00050942  
   2455834.8944135    0.98292233   0.00050942   0.98287664   0.00050947  
   2455834.9256403    0.99959744   0.00051400   1.00060366   0.00051404  
   2455834.9269483    1.00002633   0.00051405   1.00079635   0.00051409  
   2455834.9282561    0.99994458   0.00051397   1.00051255   0.00051402  
   2455834.9295640    1.00024720   0.00051401   1.00064559   0.00051405  
   2455834.9308718    0.99996744   0.00051390   1.00022606   0.00051395  
   2455834.9321798    1.00025629   0.00051394   1.00040301   0.00051399  
   2455834.9334876    1.00008363   0.00051388   1.00014382   0.00051392  
   2455834.9347957    1.00000171   0.00051384   0.99999854   0.00051389  
   2455834.9361033    1.00005675   0.00051384   1.00001111   0.00051389  
   2455834.9374113    1.00005329   0.00051384   0.99998373   0.00051388  
   2455834.9387190    0.99986637   0.00051379   0.99978920   0.00051383  
   2455834.9400270    1.00020283   0.00051387   1.00013199   0.00051392  
   2455834.9413348    0.99965860   0.00051374   0.99960584   0.00051379  
   2455834.9426427    0.99986779   0.00051380   0.99984249   0.00051385  
   2455834.9439505    1.00005301   0.00051386   1.00006229   0.00051390  
   2455834.9452587    0.99983441   0.00051381   0.99988310   0.00051386  
   2455834.9465663    0.99997492   0.00051386   1.00006556   0.00051390  
   2455834.9478742    1.00035632   0.00051397   1.00048920   0.00051401  
